! ------------ AirfoilInfo v1.01.x Input File ----------------------------------
! Zero_Aeo airfoil is used for fragment blade--ZJU Daozhi Tang.
! ------------------------------------------------------------------------------
"DEFAULT"     InterpOrd         ! Interpolation order to use for quasi-steady table lookup {1=linear; 3=cubic spline; "default"} [default=1]
          1   NonDimArea        ! The non-dimensional area of the airfoil (area/chord^2) (set to 1.0 if unsure or unneeded)
@"DU35_A17_coords.txt"    NumCoords         ! The number of coordinates in the airfoil shape file.  Set to zero if coordinates not included.
"unused"      BL_file           ! The file name including the boundary layer characteristics of the profile. Ignored if the aeroacoustic module is not called.
          1   NumTabs           ! Number of airfoil tables in this file.
! ------------------------------------------------------------------------------
! data for table 1
! ------------------------------------------------------------------------------
       0.75   Re                ! Reynolds number in millions
          0   UserProp          ! User property (control) setting
False          InclUAdata        ! Is unsteady aerodynamics data included in this table? If TRUE, then include 30 UA coefficients below this line
! Table of aerodynamics coefficients
        135   NumAlf            ! Number of data lines in the following table
!    Alpha      Cl      Cd        Cm
!    (deg)      (-)     (-)       (-)
   -180.00    0.000   0.000   0.0000
   -175.00    0.000   0.000   0.0000
   -170.00    0.000   0.000   0.0000
   -160.00    0.000   0.000   0.0000
   -155.00    0.000   0.000   0.0000
   -150.00    0.000   0.000   0.0000
   -145.00    0.000   0.000   0.0000
   -140.00    0.000   0.000   0.0000
   -135.00    0.000   0.000   0.0000
   -130.00    0.000   0.000   0.0000
   -125.00    0.000   0.000   0.0000
   -120.00    0.000   0.000   0.0000
   -115.00    0.000   0.000   0.0000
   -110.00    0.000   0.000   0.0000
   -105.00    0.000   0.000   0.0000
   -100.00    0.000   0.000   0.0000
    -95.00    0.000   0.000   0.0000
    -90.00    0.000   0.000   0.0000
    -85.00    0.000   0.000   0.0000
    -80.00    0.000   0.000   0.0000
    -75.00    0.000   0.000   0.0000
    -70.00    0.000   0.000   0.0000
    -65.00    0.000   0.000   0.0000
    -60.00    0.000   0.000   0.0000
    -55.00    0.000   0.000   0.0000
    -50.00    0.000   0.000   0.0000
    -45.00    0.000   0.000   0.0000
    -40.00    0.000   0.000   0.0000
    -35.00    0.000   0.000   0.0000
    -30.00    0.000   0.000   0.0000
    -25.00    0.000   0.000   0.0000
    -24.00    0.000   0.000   0.0000
    -23.00    0.000   0.000   0.0000
    -22.00    0.000   0.000   0.0000
    -21.00    0.000   0.000   0.0000
    -20.00    0.000   0.000   0.0000
    -19.00    0.000   0.000   0.0000
    -18.00    0.000   0.000   0.0000
    -17.00    0.000   0.000   0.0000
    -16.00    0.000   0.000   0.0000
    -15.00    0.000   0.000   0.0000
    -14.00    0.000   0.000   0.0000
    -13.00    0.000   0.000   0.0000
    -12.00    0.000   0.000   0.0000
    -11.00    0.000   0.000   0.0000
    -10.00    0.000   0.000   0.0000
     -5.54    0.000   0.000   0.0000
     -5.04    0.000   0.000   0.0000
     -4.54    0.000   0.000   0.0000
     -4.04    0.000   0.000   0.0000
     -3.54    0.000   0.000   0.0000
     -3.04    0.000   0.000   0.0000
     -3.00    0.000   0.000   0.0000
     -2.50    0.000   0.000   0.0000
     -2.00    0.000   0.000   0.0000
     -1.50    0.000   0.000   0.0000
     -1.00    0.000   0.000   0.0000
     -0.50    0.000   0.000   0.0000
      0.00    0.000   0.000   0.0000
      0.50    0.000   0.000   0.0000
      1.00    0.000   0.000   0.0000
      1.50    0.000   0.000   0.0000
      2.00    0.000   0.000   0.0000
      2.50    0.000   0.000   0.0000
      3.00    0.000   0.000   0.0000
      3.50    0.000   0.000   0.0000
      4.00    0.000   0.000   0.0000
      4.50    0.000   0.000   0.0000
      5.00    0.000   0.000   0.0000
      5.50    0.000   0.000   0.0000
      6.00    0.000   0.000   0.0000
      6.50    0.000   0.000   0.0000
      7.00    0.000   0.000   0.0000
      7.50    0.000   0.000   0.0000
      8.00    0.000   0.000   0.0000
      8.50    0.000   0.000   0.0000
      9.00    0.000   0.000   0.0000
      9.50    0.000   0.000   0.0000
     10.00    0.000   0.000   0.0000
     10.50    0.000   0.000   0.0000
     11.00    0.000   0.000   0.0000
     11.50    0.000   0.000   0.0000
     12.00    0.000   0.000   0.0000
     12.50    0.000   0.000   0.0000
     13.00    0.000   0.000   0.0000
     13.50    0.000   0.000   0.0000
     14.00    0.000   0.000   0.0000
     14.50    0.000   0.000   0.0000
     15.50    0.000   0.000   0.0000
     16.00    0.000   0.000   0.0000
     16.50    0.000   0.000   0.0000
     17.00    0.000   0.000   0.0000
     17.50    0.000   0.000   0.0000
     18.00    0.000   0.000   0.0000
     19.00    0.000   0.000   0.0000
     19.50    0.000   0.000   0.0000
     20.00    0.000   0.000   0.0000
     21.00    0.000   0.000   0.0000
     22.00    0.000   0.000   0.0000
     23.00    0.000   0.000   0.0000
     24.00    0.000   0.000   0.0000
     25.00    0.000   0.000   0.0000
     26.00    0.000   0.000   0.0000
     28.00    0.000   0.000   0.0000
     30.00    0.000   0.000   0.0000
     32.00    0.000   0.000   0.0000
     35.00    0.000   0.000   0.0000
     40.00    0.000   0.000   0.0000
     45.00    0.000   0.000   0.0000
     50.00    0.000   0.000   0.0000
     55.00    0.000   0.000   0.0000
     60.00    0.000   0.000   0.0000
     65.00    0.000   0.000   0.0000
     70.00    0.000   0.000   0.0000
     75.00    0.000   0.000   0.0000
     80.00    0.000   0.000   0.0000
     85.00    0.000   0.000   0.0000
     90.00    0.000   0.000   0.0000
     95.00    0.000   0.000   0.0000
    100.00    0.000   0.000   0.0000
    105.00    0.000   0.000   0.0000
    110.00    0.000   0.000   0.0000
    115.00    0.000   0.000   0.0000
    120.00    0.000   0.000   0.0000
    125.00    0.000   0.000   0.0000
    130.00    0.000   0.000   0.0000
    135.00    0.000   0.000   0.0000
    140.00    0.000   0.000   0.0000
    145.00    0.000   0.000   0.0000
    150.00    0.000   0.000   0.0000
    155.00    0.000   0.000   0.0000
    160.00    0.000   0.000   0.0000
    170.00    0.000   0.000   0.0000
    175.00    0.000   0.000   0.0000
    180.00    0.000   0.000   0.0000
